#  1 2170 172800.000 25 
       X(m)              Y(m)            Z(m)              T(m)      
   -1132914.8743    6092529.0379    1504633.3105         24.3779
验后单位权中误差:            1.1347
验后估计方差:
    0.2394    -0.1591     0.0116    -0.1351
   -0.1591     0.8742    -0.0391     0.5505
    0.0116    -0.0391     0.1727    -0.0299
   -0.1351     0.5505    -0.0299     0.4041
------------------------------------------------------------------------------------------------
#  2 2170 172830.000 25 
       X(m)              Y(m)            Z(m)              T(m)      
   -1132915.2101    6092529.2733    1504633.2717         24.4180
验后单位权中误差:            1.0919
验后估计方差:
    0.2220    -0.1482     0.0108    -0.1257
   -0.1482     0.8107    -0.0364     0.5106
    0.0108    -0.0364     0.1599    -0.0278
   -0.1257     0.5106    -0.0278     0.3748
------------------------------------------------------------------------------------------------
#  3 2170 172860.000 25 
       X(m)              Y(m)            Z(m)              T(m)      
   -1132915.3490    6092529.7812    1504633.1945         24.8278
验后单位权中误差:            1.2002
验后估计方差:
    0.2686    -0.1800     0.0131    -0.1527
   -0.1800     0.9809    -0.0443     0.6180
    0.0131    -0.0443     0.1933    -0.0337
   -0.1527     0.6180    -0.0337     0.4537
------------------------------------------------------------------------------------------------
#  4 2170 172890.000 25 
       X(m)              Y(m)            Z(m)              T(m)      
   -1132915.5735    6092530.0491    1504633.2672         24.7648
验后单位权中误差:            1.1410
验后估计方差:
    0.2431    -0.1636     0.0118    -0.1387
   -0.1636     0.8877    -0.0402     0.5595
    0.0118    -0.0402     0.1747    -0.0305
   -0.1387     0.5595    -0.0305     0.4107
------------------------------------------------------------------------------------------------
#  5 2170 172920.000 25 
       X(m)              Y(m)            Z(m)              T(m)      
   -1132915.5430    6092529.9642    1504633.3842         24.5307
验后单位权中误差:            1.1596
验后估计方差:
    0.2515    -0.1700     0.0122    -0.1439
   -0.1700     0.9182    -0.0418     0.5788
    0.0122    -0.0418     0.1804    -0.0316
   -0.1439     0.5788    -0.0316     0.4249
------------------------------------------------------------------------------------------------
#  6 2170 172950.000 25 
       X(m)              Y(m)            Z(m)              T(m)      
   -1132915.4493    6092529.9200    1504633.4421         24.5706
验后单位权中误差:            1.1318
验后估计方差:
    0.2399    -0.1628     0.0117    -0.1378
   -0.1628     0.8759    -0.0400     0.5523
    0.0117    -0.0400     0.1719    -0.0302
   -0.1378     0.5523    -0.0302     0.4055
------------------------------------------------------------------------------------------------
#  7 2170 172980.000 25 
       X(m)              Y(m)            Z(m)              T(m)      
   -1132915.5302    6092529.8589    1504633.4031         24.4422
验后单位权中误差:            1.0608
验后估计方差:
    0.2111    -0.1438     0.0103    -0.1217
   -0.1438     0.7706    -0.0353     0.4860
    0.0103    -0.0353     0.1510    -0.0266
   -0.1217     0.4860    -0.0266     0.3568
------------------------------------------------------------------------------------------------
#  8 2170 173010.000 25 
       X(m)              Y(m)            Z(m)              T(m)      
   -1132915.5572    6092529.6557    1504633.3719         24.2304
验后单位权中误差:            1.0391
验后估计方差:
    0.2028    -0.1388     0.0099    -0.1173
   -0.1388     0.7404    -0.0341     0.4671
    0.0099    -0.0341     0.1449    -0.0256
   -0.1173     0.4671    -0.0256     0.3430
------------------------------------------------------------------------------------------------
#  9 2170 173040.000 25 
       X(m)              Y(m)            Z(m)              T(m)      
   -1132915.5960    6092529.6402    1504633.2984         24.3295
验后单位权中误差:            0.9945
验后估计方差:
    0.1860    -0.1278     0.0090    -0.1080
   -0.1278     0.6790    -0.0314     0.4285
    0.0090    -0.0314     0.1328    -0.0236
   -0.1080     0.4285    -0.0236     0.3146
------------------------------------------------------------------------------------------------
# 10 2170 173070.000 25 
       X(m)              Y(m)            Z(m)              T(m)      
   -1132915.6822    6092529.8124    1504633.2947         24.4160
验后单位权中误差:            0.9658
验后估计方差:
    0.1757    -0.1212     0.0085    -0.1023
   -0.1212     0.6412    -0.0297     0.4047
    0.0085    -0.0297     0.1252    -0.0223
   -0.1023     0.4047    -0.0223     0.2972
------------------------------------------------------------------------------------------------
# 11 2170 173100.000 25 
       X(m)              Y(m)            Z(m)              T(m)      
   -1132915.6476    6092529.7717    1504633.2931         24.4255
验后单位权中误差:            0.9333
验后估计方差:
    0.1643    -0.1138     0.0080    -0.0960
   -0.1138     0.5996    -0.0279     0.3786
    0.0080    -0.0279     0.1169    -0.0209
   -0.0960     0.3786    -0.0209     0.2780
------------------------------------------------------------------------------------------------
# 12 2170 173130.000 25 
       X(m)              Y(m)            Z(m)              T(m)      
   -1132915.6618    6092529.8492    1504633.3209         24.3734
验后单位权中误差:            0.9536
验后估计方差:
    0.1718    -0.1194     0.0084    -0.1007
   -0.1194     0.6268    -0.0293     0.3958
    0.0084    -0.0293     0.1221    -0.0218
   -0.1007     0.3958    -0.0218     0.2907
------------------------------------------------------------------------------------------------
# 13 2170 173160.000 25 
       X(m)              Y(m)            Z(m)              T(m)      
   -1132915.6712    6092529.8707    1504633.3233         24.4857
验后单位权中误差:            0.9152
验后估计方差:
    0.1585    -0.1106     0.0077    -0.0932
   -0.1106     0.5780    -0.0271     0.3651
    0.0077    -0.0271     0.1125    -0.0202
   -0.0932     0.3651    -0.0202     0.2682
------------------------------------------------------------------------------------------------
# 14 2170 173190.000 25 
       X(m)              Y(m)            Z(m)              T(m)      
   -1132915.6694    6092529.8541    1504633.3497         24.4928
验后单位权中误差:            0.8867
验后估计方差:
    0.1490    -0.1043     0.0072    -0.0879
   -0.1043     0.5433    -0.0255     0.3432
    0.0072    -0.0255     0.1056    -0.0190
   -0.0879     0.3432    -0.0190     0.2521
------------------------------------------------------------------------------------------------
# 15 2170 173220.000 25 
       X(m)              Y(m)            Z(m)              T(m)      
   -1132915.7423    6092530.0018    1504633.3281         24.6154
验后单位权中误差:            0.8728
验后估计方差:
    0.1446    -0.1016     0.0070    -0.0855
   -0.1016     0.5269    -0.0248     0.3330
    0.0070    -0.0248     0.1023    -0.0184
   -0.0855     0.3330    -0.0184     0.2446
------------------------------------------------------------------------------------------------
# 16 2170 173250.000 25 
       X(m)              Y(m)            Z(m)              T(m)      
   -1132915.6872    6092529.9914    1504633.3217         24.6780
验后单位权中误差:            0.8930
验后估计方差:
    0.1516    -0.1069     0.0074    -0.0900
   -0.1069     0.5523    -0.0261     0.3491
    0.0074    -0.0261     0.1071    -0.0193
   -0.0900     0.3491    -0.0193     0.2565
------------------------------------------------------------------------------------------------
# 17 2170 173280.000 25 
       X(m)              Y(m)            Z(m)              T(m)      
   -1132915.6479    6092530.0403    1504633.3279         24.6797
验后单位权中误差:            0.8757
验后估计方差:
    0.1459    -0.1033     0.0071    -0.0869
   -0.1033     0.5316    -0.0252     0.3362
    0.0071    -0.0252     0.1030    -0.0186
   -0.0869     0.3362    -0.0186     0.2470
------------------------------------------------------------------------------------------------
# 18 2170 173310.000 25 
       X(m)              Y(m)            Z(m)              T(m)      
   -1132915.6145    6092530.0712    1504633.3235         24.6691
验后单位权中误差:            0.8901
验后估计方差:
    0.1510    -0.1073     0.0073    -0.0902
   -0.1073     0.5499    -0.0262     0.3478
    0.0073    -0.0262     0.1064    -0.0193
   -0.0902     0.3478    -0.0193     0.2555
------------------------------------------------------------------------------------------------
# 19 2170 173340.000 25 
       X(m)              Y(m)            Z(m)              T(m)      
   -1132915.6367    6092530.1449    1504633.3444         24.6546
验后单位权中误差:            0.9028
验后估计方差:
    0.1556    -0.1110     0.0075    -0.0932
   -0.1110     0.5664    -0.0270     0.3583
    0.0075    -0.0270     0.1095    -0.0199
   -0.0932     0.3583    -0.0199     0.2633
------------------------------------------------------------------------------------------------
# 20 2170 173370.000 25 
       X(m)              Y(m)            Z(m)              T(m)      
   -1132915.6180    6092530.1417    1504633.3226         24.6026
验后单位权中误差:            0.9104
验后估计方差:
    0.1585    -0.1134     0.0077    -0.0952
   -0.1134     0.5766    -0.0276     0.3648
    0.0077    -0.0276     0.1113    -0.0203
   -0.0952     0.3648    -0.0203     0.2681
------------------------------------------------------------------------------------------------
# 21 2170 173400.000 25 
       X(m)              Y(m)            Z(m)              T(m)      
   -1132915.5938    6092530.0718    1504633.3269         24.5997
验后单位权中误差:            0.9038
验后估计方差:
    0.1564    -0.1123     0.0076    -0.0942
   -0.1123     0.5689    -0.0273     0.3601
    0.0076    -0.0273     0.1097    -0.0200
   -0.0942     0.3601    -0.0200     0.2646
------------------------------------------------------------------------------------------------
# 22 2170 173430.000 25 
       X(m)              Y(m)            Z(m)              T(m)      
   -1132915.5493    6092530.0053    1504633.3576         24.5779
验后单位权中误差:            0.9000
验后估计方差:
    0.1553    -0.1119     0.0075    -0.0939
   -0.1119     0.5647    -0.0271     0.3575
    0.0075    -0.0271     0.1088    -0.0199
   -0.0939     0.3575    -0.0199     0.2627
------------------------------------------------------------------------------------------------
# 23 2170 173460.000 25 
       X(m)              Y(m)            Z(m)              T(m)      
   -1132915.5425    6092529.9370    1504633.4208         24.5990
验后单位权中误差:            0.9140
验后估计方差:
    0.1604    -0.1160     0.0078    -0.0972
   -0.1160     0.5830    -0.0281     0.3692
    0.0078    -0.0281     0.1122    -0.0206
   -0.0972     0.3692    -0.0206     0.2713
------------------------------------------------------------------------------------------------
# 24 2170 173490.000 25 
       X(m)              Y(m)            Z(m)              T(m)      
   -1132915.5223    6092529.9400    1504633.3979         24.4974
验后单位权中误差:            0.9065
验后估计方差:
    0.1581    -0.1146     0.0076    -0.0960
   -0.1146     0.5741    -0.0277     0.3636
    0.0076    -0.0277     0.1104    -0.0203
   -0.0960     0.3636    -0.0203     0.2672
------------------------------------------------------------------------------------------------
# 25 2170 173520.000 25 
       X(m)              Y(m)            Z(m)              T(m)      
   -1132915.5059    6092530.0041    1504633.3991         24.4942
验后单位权中误差:            0.9029
验后估计方差:
    0.1570    -0.1143     0.0076    -0.0957
   -0.1143     0.5701    -0.0276     0.3611
    0.0076    -0.0276     0.1095    -0.0201
   -0.0957     0.3611    -0.0201     0.2655
------------------------------------------------------------------------------------------------
# 26 2170 173550.000 25 
       X(m)              Y(m)            Z(m)              T(m)      
   -1132915.5205    6092530.0647    1504633.4107         24.6145
验后单位权中误差:            0.9151
验后估计方差:
    0.1616    -0.1179     0.0078    -0.0987
   -0.1179     0.5862    -0.0284     0.3714
    0.0078    -0.0284     0.1125    -0.0207
   -0.0987     0.3714    -0.0207     0.2730
------------------------------------------------------------------------------------------------
# 27 2170 173580.000 25 
       X(m)              Y(m)            Z(m)              T(m)      
   -1132915.4824    6092530.1216    1504633.3980         24.4718
验后单位权中误差:            0.9109
验后估计方差:
    0.1603    -0.1174     0.0077    -0.0982
   -0.1174     0.5813    -0.0283     0.3684
    0.0077    -0.0283     0.1115    -0.0206
   -0.0982     0.3684    -0.0206     0.2709
------------------------------------------------------------------------------------------------
# 28 2170 173610.000 25 
       X(m)              Y(m)            Z(m)              T(m)      
   -1132915.5082    6092530.1332    1504633.4257         24.5356
验后单位权中误差:            0.9111
验后估计方差:
    0.1606    -0.1180     0.0077    -0.0987
   -0.1180     0.5821    -0.0284     0.3690
    0.0077    -0.0284     0.1115    -0.0206
   -0.0987     0.3690    -0.0206     0.2713
------------------------------------------------------------------------------------------------
# 29 2170 173640.000 25 
       X(m)              Y(m)            Z(m)              T(m)      
   -1132915.4755    6092530.1609    1504633.4563         24.4199
验后单位权中误差:            0.9279
验后估计方差:
    0.1669    -0.1229     0.0080    -0.1028
   -0.1229     0.6043    -0.0295     0.3831
    0.0080    -0.0295     0.1157    -0.0214
   -0.1028     0.3831    -0.0214     0.2818
------------------------------------------------------------------------------------------------
# 30 2170 173670.000 24 
       X(m)              Y(m)            Z(m)              T(m)      
   -1132915.4164    6092530.1054    1504633.2704         24.3381
验后单位权中误差:            0.8608
验后估计方差:
    0.1446    -0.1073     0.0041    -0.0906
   -0.1073     0.5217    -0.0220     0.3322
    0.0041    -0.0220     0.1094    -0.0124
   -0.0906     0.3322    -0.0124     0.2465
------------------------------------------------------------------------------------------------
# 31 2170 173700.000 24 
       X(m)              Y(m)            Z(m)              T(m)      
   -1132915.4398    6092530.0779    1504633.2897         24.2388
验后单位权中误差:            0.8733
验后估计方差:
    0.1491    -0.1109     0.0042    -0.0936
   -0.1109     0.5374    -0.0227     0.3423
    0.0042    -0.0227     0.1126    -0.0127
   -0.0936     0.3423    -0.0127     0.2540
------------------------------------------------------------------------------------------------
# 32 2170 173730.000 24 
       X(m)              Y(m)            Z(m)              T(m)      
   -1132915.4204    6092530.0597    1504633.3083         24.2031
验后单位权中误差:            0.8852
验后估计方差:
    0.1534    -0.1145     0.0043    -0.0966
   -0.1145     0.5528    -0.0233     0.3522
    0.0043    -0.0233     0.1158    -0.0131
   -0.0966     0.3522    -0.0131     0.2613
------------------------------------------------------------------------------------------------
# 33 2170 173760.000 24 
       X(m)              Y(m)            Z(m)              T(m)      
   -1132915.4230    6092530.0654    1504633.2937         24.1510
验后单位权中误差:            0.8942
验后估计方差:
    0.1568    -0.1174     0.0044    -0.0990
   -0.1174     0.5645    -0.0238     0.3597
    0.0044    -0.0238     0.1181    -0.0133
   -0.0990     0.3597    -0.0133     0.2670
------------------------------------------------------------------------------------------------
# 34 2170 173790.000 24 
       X(m)              Y(m)            Z(m)              T(m)      
   -1132915.4426    6092530.0822    1504633.3176         24.1028
验后单位权中误差:            0.8909
验后估计方差:
    0.1559    -0.1170     0.0043    -0.0986
   -0.1170     0.5608    -0.0236     0.3575
    0.0043    -0.0236     0.1173    -0.0132
   -0.0986     0.3575    -0.0132     0.2654
------------------------------------------------------------------------------------------------
# 35 2170 173820.000 24 
       X(m)              Y(m)            Z(m)              T(m)      
   -1132915.4373    6092530.0666    1504633.3148         24.0799
验后单位权中误差:            0.9037
验后估计方差:
    0.1607    -0.1210     0.0044    -0.1019
   -0.1210     0.5776    -0.0243     0.3683
    0.0044    -0.0243     0.1207    -0.0135
   -0.1019     0.3683    -0.0135     0.2734
------------------------------------------------------------------------------------------------
# 36 2170 173850.000 25 
       X(m)              Y(m)            Z(m)              T(m)      
   -1132915.4080    6092530.0226    1504633.1257         23.9666
验后单位权中误差:            0.9362
验后估计方差:
    0.1717    -0.1291     0.0082    -0.1076
   -0.1291     0.6186    -0.0305     0.3928
    0.0082    -0.0305     0.1178    -0.0219
   -0.1076     0.3928    -0.0219     0.2891
------------------------------------------------------------------------------------------------
# 37 2170 173880.000 25 
       X(m)              Y(m)            Z(m)              T(m)      
   -1132915.5095    6092530.1776    1504633.4297         24.2067
验后单位权中误差:            0.9187
验后估计方差:
    0.1656    -0.1248     0.0079    -0.1041
   -0.1248     0.5961    -0.0295     0.3786
    0.0079    -0.0295     0.1134    -0.0211
   -0.1041     0.3786    -0.0211     0.2786
------------------------------------------------------------------------------------------------
# 38 2170 173910.000 25 
       X(m)              Y(m)            Z(m)              T(m)      
   -1132915.5080    6092530.1544    1504633.4458         24.0300
验后单位权中误差:            0.9264
验后估计方差:
    0.1686    -0.1275     0.0080    -0.1062
   -0.1275     0.6066    -0.0300     0.3853
    0.0080    -0.0300     0.1153    -0.0215
   -0.1062     0.3853    -0.0215     0.2836
------------------------------------------------------------------------------------------------
# 39 2170 173940.000 25 
       X(m)              Y(m)            Z(m)              T(m)      
   -1132915.5118    6092530.1511    1504633.4774         24.0280
验后单位权中误差:            0.9454
验后估计方差:
    0.1758    -0.1333     0.0083    -0.1110
   -0.1333     0.6321    -0.0313     0.4016
    0.0083    -0.0313     0.1201    -0.0224
   -0.1110     0.4016    -0.0224     0.2957
------------------------------------------------------------------------------------------------
# 40 2170 173970.000 25 
       X(m)              Y(m)            Z(m)              T(m)      
   -1132915.5388    6092530.2008    1504633.5158         23.9692
验后单位权中误差:            0.9629
验后估计方差:
    0.1827    -0.1389     0.0086    -0.1156
   -0.1389     0.6562    -0.0325     0.4170
    0.0086    -0.0325     0.1246    -0.0233
   -0.1156     0.4170    -0.0233     0.3070
------------------------------------------------------------------------------------------------
# 41 2170 174000.000 25 
       X(m)              Y(m)            Z(m)              T(m)      
   -1132915.5577    6092530.2069    1504633.5794         23.9495
验后单位权中误差:            0.9874
验后估计方差:
    0.1924    -0.1466     0.0091    -0.1221
   -0.1466     0.6904    -0.0343     0.4388
    0.0091    -0.0343     0.1310    -0.0245
   -0.1221     0.4388    -0.0245     0.3231
------------------------------------------------------------------------------------------------
# 42 2170 174030.000 25 
       X(m)              Y(m)            Z(m)              T(m)      
   -1132915.5383    6092530.1813    1504633.5476         23.9276
验后单位权中误差:            0.9621
验后估计方差:
    0.1829    -0.1398     0.0086    -0.1163
   -0.1398     0.6559    -0.0326     0.4170
    0.0086    -0.0326     0.1244    -0.0232
   -0.1163     0.4170    -0.0232     0.3071
------------------------------------------------------------------------------------------------
# 43 2170 174060.000 25 
       X(m)              Y(m)            Z(m)              T(m)      
   -1132915.5538    6092530.1967    1504633.5639         23.9388
验后单位权中误差:            0.9669
验后估计方差:
    0.1850    -0.1417     0.0087    -0.1179
   -0.1417     0.6627    -0.0330     0.4214
    0.0087    -0.0330     0.1256    -0.0235
   -0.1179     0.4214    -0.0235     0.3104
------------------------------------------------------------------------------------------------
# 44 2170 174090.000 25 
       X(m)              Y(m)            Z(m)              T(m)      
   -1132915.5510    6092530.1740    1504633.5795         23.9959
验后单位权中误差:            0.9617
验后估计方差:
    0.1833    -0.1408     0.0086    -0.1171
   -0.1408     0.6561    -0.0327     0.4172
    0.0086    -0.0327     0.1243    -0.0232
   -0.1171     0.4172    -0.0232     0.3073
------------------------------------------------------------------------------------------------
# 45 2170 174120.000 25 
       X(m)              Y(m)            Z(m)              T(m)      
   -1132915.5507    6092530.1846    1504633.5865         24.0242
验后单位权中误差:            0.9693
验后估计方差:
    0.1865    -0.1436     0.0087    -0.1194
   -0.1436     0.6668    -0.0332     0.4241
    0.0087    -0.0332     0.1262    -0.0236
   -0.1194     0.4241    -0.0236     0.3125
------------------------------------------------------------------------------------------------
# 46 2170 174150.000 25 
       X(m)              Y(m)            Z(m)              T(m)      
   -1132915.5566    6092530.2179    1504633.6312         23.8761
验后单位权中误差:            1.0010
验后估计方差:
    0.1992    -0.1537     0.0093    -0.1278
   -0.1537     0.7115    -0.0355     0.4526
    0.0093    -0.0355     0.1346    -0.0251
   -0.1278     0.4526    -0.0251     0.3335
------------------------------------------------------------------------------------------------
# 47 2170 174180.000 25 
       X(m)              Y(m)            Z(m)              T(m)      
   -1132915.5747    6092530.2178    1504633.6452         23.9029
验后单位权中误差:            1.0101
验后估计方差:
    0.2032    -0.1571     0.0095    -0.1306
   -0.1571     0.7249    -0.0362     0.4613
    0.0095    -0.0362     0.1371    -0.0256
   -0.1306     0.4613    -0.0256     0.3399
------------------------------------------------------------------------------------------------
# 48 2170 174210.000 25 
       X(m)              Y(m)            Z(m)              T(m)      
   -1132915.5642    6092530.2398    1504633.6640         23.9139
验后单位权中误差:            1.0397
验后估计方差:
    0.2156    -0.1671     0.0100    -0.1388
   -0.1671     0.7682    -0.0383     0.4889
    0.0100    -0.0383     0.1452    -0.0271
   -0.1388     0.4889    -0.0271     0.3603
------------------------------------------------------------------------------------------------
# 49 2170 174240.000 25 
       X(m)              Y(m)            Z(m)              T(m)      
   -1132915.5743    6092530.2515    1504633.6754         23.9317
验后单位权中误差:            1.0508
验后估计方差:
    0.2206    -0.1714     0.0102    -0.1423
   -0.1714     0.7851    -0.0392     0.4998
    0.0102    -0.0392     0.1483    -0.0277
   -0.1423     0.4998    -0.0277     0.3684
------------------------------------------------------------------------------------------------
# 50 2170 174270.000 25 
       X(m)              Y(m)            Z(m)              T(m)      
   -1132915.5789    6092530.2631    1504633.6711         23.8112
验后单位权中误差:            1.0404
验后估计方差:
    0.2165    -0.1686     0.0100    -0.1400
   -0.1686     0.7699    -0.0385     0.4902
    0.0100    -0.0385     0.1454    -0.0271
   -0.1400     0.4902    -0.0271     0.3614
------------------------------------------------------------------------------------------------
# 51 2170 174300.000 25 
       X(m)              Y(m)            Z(m)              T(m)      
   -1132915.5807    6092530.2519    1504633.6443         23.8464
验后单位权中误差:            1.0156
验后估计方差:
    0.2067    -0.1613     0.0095    -0.1339
   -0.1613     0.7340    -0.0367     0.4674
    0.0095    -0.0367     0.1385    -0.0258
   -0.1339     0.4674    -0.0258     0.3446
------------------------------------------------------------------------------------------------
# 52 2170 174330.000 25 
       X(m)              Y(m)            Z(m)              T(m)      
   -1132915.5849    6092530.2536    1504633.6344         23.9163
验后单位权中误差:            1.0081
验后估计方差:
    0.2039    -0.1595     0.0094    -0.1324
   -0.1595     0.7234    -0.0361     0.4607
    0.0094    -0.0361     0.1365    -0.0254
   -0.1324     0.4607    -0.0254     0.3397
------------------------------------------------------------------------------------------------
# 53 2170 174360.000 24 
       X(m)              Y(m)            Z(m)              T(m)      
   -1132915.5690    6092530.1218    1504633.5091         23.8061
验后单位权中误差:            1.0041
验后估计方差:
    0.2029    -0.1608     0.0072    -0.1337
   -0.1608     0.7320    -0.0215     0.4710
    0.0072    -0.0215     0.1501    -0.0112
   -0.1337     0.4710    -0.0112     0.3506
------------------------------------------------------------------------------------------------
# 54 2170 174390.000 24 
       X(m)              Y(m)            Z(m)              T(m)      
   -1132915.5773    6092530.1066    1504633.5128         23.6446
验后单位权中误差:            1.0066
验后估计方差:
    0.2042    -0.1622     0.0072    -0.1348
   -0.1622     0.7359    -0.0216     0.4736
    0.0072    -0.0216     0.1508    -0.0112
   -0.1348     0.4736    -0.0112     0.3526
------------------------------------------------------------------------------------------------
# 55 2170 174420.000 24 
       X(m)              Y(m)            Z(m)              T(m)      
   -1132915.5816    6092530.0901    1504633.4978         23.6716
验后单位权中误差:            0.9965
验后估计方差:
    0.2005    -0.1595     0.0071    -0.1326
   -0.1595     0.7215    -0.0211     0.4645
    0.0071    -0.0211     0.1478    -0.0109
   -0.1326     0.4645    -0.0109     0.3459
------------------------------------------------------------------------------------------------
# 56 2170 174450.000 24 
       X(m)              Y(m)            Z(m)              T(m)      
   -1132915.5787    6092530.1465    1504633.5090         23.6041
验后单位权中误差:            1.0015
验后估计方差:
    0.2028    -0.1617     0.0071    -0.1344
   -0.1617     0.7291    -0.0213     0.4694
    0.0071    -0.0213     0.1493    -0.0110
   -0.1344     0.4694    -0.0110     0.3496
------------------------------------------------------------------------------------------------
# 57 2170 174480.000 24 
       X(m)              Y(m)            Z(m)              T(m)      
   -1132915.5743    6092530.1458    1504633.5066         23.5784
验后单位权中误差:            0.9960
验后估计方差:
    0.2008    -0.1605     0.0070    -0.1334
   -0.1605     0.7212    -0.0210     0.4645
    0.0070    -0.0210     0.1476    -0.0108
   -0.1334     0.4645    -0.0108     0.3460
------------------------------------------------------------------------------------------------
# 58 2170 174510.000 24 
       X(m)              Y(m)            Z(m)              T(m)      
   -1132915.5675    6092530.1597    1504633.4928         23.5144
验后单位权中误差:            0.9879
验后估计方差:
    0.1979    -0.1584     0.0069    -0.1316
   -0.1584     0.7098    -0.0207     0.4572
    0.0069    -0.0207     0.1452    -0.0106
   -0.1316     0.4572    -0.0106     0.3406
------------------------------------------------------------------------------------------------
# 59 2170 174540.000 24 
       X(m)              Y(m)            Z(m)              T(m)      
   -1132915.5740    6092530.1664    1504633.4914         23.5549
验后单位权中误差:            0.9783
验后估计方差:
    0.1944    -0.1559     0.0067    -0.1295
   -0.1559     0.6962    -0.0202     0.4485
    0.0067    -0.0202     0.1424    -0.0103
   -0.1295     0.4485    -0.0103     0.3342
------------------------------------------------------------------------------------------------
# 60 2170 174570.000 24 
       X(m)              Y(m)            Z(m)              T(m)      
   -1132915.5644    6092530.1724    1504633.4842         23.5858
验后单位权中误差:            0.9716
验后估计方差:
    0.1920    -0.1543     0.0066    -0.1282
   -0.1543     0.6869    -0.0199     0.4426
    0.0066    -0.0199     0.1404    -0.0102
   -0.1282     0.4426    -0.0102     0.3298
------------------------------------------------------------------------------------------------
# 61 2170 174600.000 24 
       X(m)              Y(m)            Z(m)              T(m)      
   -1132915.5760    6092530.1890    1504633.4619         23.4066
验后单位权中误差:            0.9522
验后估计方差:
    0.1847    -0.1487     0.0063    -0.1235
   -0.1487     0.6599    -0.0191     0.4253
    0.0063    -0.0191     0.1349    -0.0097
   -0.1235     0.4253    -0.0097     0.3170
------------------------------------------------------------------------------------------------
# 62 2170 174630.000 24 
       X(m)              Y(m)            Z(m)              T(m)      
   -1132915.4349    6092529.8731    1504633.3466         23.1235
验后单位权中误差:            0.9366
验后估计方差:
    0.1790    -0.1443     0.0061    -0.1199
   -0.1443     0.6385    -0.0184     0.4116
    0.0061    -0.0184     0.1305    -0.0093
   -0.1199     0.4116    -0.0093     0.3068
------------------------------------------------------------------------------------------------
# 63 2170 174660.000 24 
       X(m)              Y(m)            Z(m)              T(m)      
   -1132915.4388    6092529.8823    1504633.3366         23.0078
验后单位权中误差:            0.9360
验后估计方差:
    0.1790    -0.1446     0.0060    -0.1201
   -0.1446     0.6379    -0.0184     0.4112
    0.0060    -0.0184     0.1303    -0.0093
   -0.1201     0.4112    -0.0093     0.3066
------------------------------------------------------------------------------------------------
# 64 2170 174690.000 24 
       X(m)              Y(m)            Z(m)              T(m)      
   -1132915.4326    6092529.9130    1504633.3494         23.0507
验后单位权中误差:            0.9431
验后估计方差:
    0.1820    -0.1473     0.0061    -0.1223
   -0.1473     0.6476    -0.0186     0.4176
    0.0061    -0.0186     0.1323    -0.0094
   -0.1223     0.4176    -0.0094     0.3114
------------------------------------------------------------------------------------------------
# 65 2170 174720.000 24 
       X(m)              Y(m)            Z(m)              T(m)      
   -1132915.4318    6092529.9323    1504633.3431         23.0910
验后单位权中误差:            0.9424
验后估计方差:
    0.1820    -0.1476     0.0061    -0.1225
   -0.1476     0.6467    -0.0185     0.4171
    0.0061    -0.0185     0.1321    -0.0093
   -0.1225     0.4171    -0.0093     0.3111
------------------------------------------------------------------------------------------------
# 66 2170 174750.000 25 
       X(m)              Y(m)            Z(m)              T(m)      
   -1132915.4694    6092530.2301    1504633.6164         23.2929
验后单位权中误差:            1.0503
验后估计方差:
    0.2261    -0.1815     0.0099    -0.1503
   -0.1815     0.7871    -0.0392     0.5025
    0.0099    -0.0392     0.1479    -0.0271
   -0.1503     0.5025    -0.0271     0.3713
------------------------------------------------------------------------------------------------
# 67 2170 174780.000 25 
       X(m)              Y(m)            Z(m)              T(m)      
   -1132915.4657    6092530.2272    1504633.6069         23.2941
验后单位权中误差:            1.0448
验后估计方差:
    0.2241    -0.1801     0.0098    -0.1492
   -0.1801     0.7790    -0.0387     0.4973
    0.0098    -0.0387     0.1464    -0.0268
   -0.1492     0.4973    -0.0268     0.3676
------------------------------------------------------------------------------------------------
# 68 2170 174810.000 25 
       X(m)              Y(m)            Z(m)              T(m)      
   -1132915.4575    6092530.2268    1504633.5826         23.3457
验后单位权中误差:            1.0180
验后估计方差:
    0.2130    -0.1715     0.0093    -0.1420
   -0.1715     0.7394    -0.0367     0.4722
    0.0093    -0.0367     0.1389    -0.0254
   -0.1420     0.4722    -0.0254     0.3491
------------------------------------------------------------------------------------------------
# 69 2170 174840.000 25 
       X(m)              Y(m)            Z(m)              T(m)      
   -1132915.4650    6092530.1824    1504633.5364         23.1893
验后单位权中误差:            0.9859
验后估计方差:
    0.2001    -0.1614     0.0087    -0.1336
   -0.1614     0.6934    -0.0344     0.4429
    0.0087    -0.0344     0.1303    -0.0238
   -0.1336     0.4429    -0.0238     0.3275
------------------------------------------------------------------------------------------------
# 70 2170 174870.000 25 
       X(m)              Y(m)            Z(m)              T(m)      
   -1132915.4707    6092530.2088    1504633.5248         23.1667
验后单位权中误差:            0.9837
验后估计方差:
    0.1995    -0.1611     0.0086    -0.1334
   -0.1611     0.6903    -0.0342     0.4409
    0.0086    -0.0342     0.1297    -0.0236
   -0.1334     0.4409    -0.0236     0.3261
------------------------------------------------------------------------------------------------
# 71 2170 174900.000 25 
       X(m)              Y(m)            Z(m)              T(m)      
   -1132915.4767    6092530.1822    1504633.4934         23.1106
验后单位权中误差:            0.9675
验后估计方差:
    0.1933    -0.1563     0.0083    -0.1294
   -0.1563     0.6678    -0.0330     0.4266
    0.0083    -0.0330     0.1254    -0.0228
   -0.1294     0.4266    -0.0228     0.3155
------------------------------------------------------------------------------------------------
# 72 2170 174930.000 25 
       X(m)              Y(m)            Z(m)              T(m)      
   -1132915.4788    6092530.1943    1504633.4806         23.1038
验后单位权中误差:            0.9569
验后估计方差:
    0.1893    -0.1534     0.0081    -0.1269
   -0.1534     0.6531    -0.0323     0.4172
    0.0081    -0.0323     0.1227    -0.0222
   -0.1269     0.4172    -0.0222     0.3087
------------------------------------------------------------------------------------------------
# 73 2170 174960.000 25 
       X(m)              Y(m)            Z(m)              T(m)      
   -1132915.4832    6092530.2322    1504633.4734         23.1871
验后单位权中误差:            0.9481
验后估计方差:
    0.1862    -0.1510     0.0079    -0.1250
   -0.1510     0.6411    -0.0316     0.4096
    0.0079    -0.0316     0.1204    -0.0218
   -0.1250     0.4096    -0.0218     0.3031
------------------------------------------------------------------------------------------------
# 74 2170 174990.000 25 
       X(m)              Y(m)            Z(m)              T(m)      
   -1132915.4697    6092530.2108    1504633.4467         23.1154
验后单位权中误差:            0.9293
验后估计方差:
    0.1791    -0.1455     0.0076    -0.1204
   -0.1455     0.6157    -0.0303     0.3935
    0.0076    -0.0303     0.1156    -0.0209
   -0.1204     0.3935    -0.0209     0.2912
------------------------------------------------------------------------------------------------
# 75 2170 175020.000 25 
       X(m)              Y(m)            Z(m)              T(m)      
   -1132915.4752    6092530.2338    1504633.4403         23.0247
验后单位权中误差:            0.9188
验后估计方差:
    0.1753    -0.1426     0.0074    -0.1180
   -0.1426     0.6018    -0.0296     0.3846
    0.0074    -0.0296     0.1130    -0.0203
   -0.1180     0.3846    -0.0203     0.2847
------------------------------------------------------------------------------------------------
# 76 2170 175050.000 25 
       X(m)              Y(m)            Z(m)              T(m)      
   -1132915.4632    6092530.2440    1504633.4212         22.9466
验后单位权中误差:            0.9118
验后估计方差:
    0.1729    -0.1408     0.0072    -0.1165
   -0.1408     0.5925    -0.0291     0.3787
    0.0072    -0.0291     0.1113    -0.0200
   -0.1165     0.3787    -0.0200     0.2804
------------------------------------------------------------------------------------------------
# 77 2170 175080.000 25 
       X(m)              Y(m)            Z(m)              T(m)      
   -1132915.4516    6092530.2260    1504633.4117         22.8947
验后单位权中误差:            0.9044
验后估计方差:
    0.1704    -0.1389     0.0071    -0.1150
   -0.1389     0.5828    -0.0286     0.3726
    0.0071    -0.0286     0.1095    -0.0196
   -0.1150     0.3726    -0.0196     0.2759
------------------------------------------------------------------------------------------------
# 78 2170 175110.000 25 
       X(m)              Y(m)            Z(m)              T(m)      
   -1132915.4416    6092530.2178    1504633.4157         23.0332
验后单位权中误差:            0.9006
验后估计方差:
    0.1692    -0.1381     0.0070    -0.1143
   -0.1381     0.5778    -0.0283     0.3694
    0.0070    -0.0283     0.1085    -0.0194
   -0.1143     0.3694    -0.0194     0.2737
------------------------------------------------------------------------------------------------
# 79 2170 175140.000 24 
       X(m)              Y(m)            Z(m)              T(m)      
   -1132915.4025    6092530.1363    1504633.3129         22.8907
验后单位权中误差:            0.9004
验后估计方差:
    0.1708    -0.1407     0.0030    -0.1176
   -0.1407     0.5811    -0.0216     0.3742
    0.0030    -0.0216     0.1199    -0.0106
   -0.1176     0.3742    -0.0106     0.2802
------------------------------------------------------------------------------------------------
# 80 2170 175170.000 24 
       X(m)              Y(m)            Z(m)              T(m)      
   -1132915.4110    6092530.1244    1504633.2818         22.7710
验后单位权中误差:            0.8923
验后估计方差:
    0.1680    -0.1386     0.0029    -0.1158
   -0.1386     0.5707    -0.0211     0.3676
    0.0029    -0.0211     0.1178    -0.0103
   -0.1158     0.3676    -0.0103     0.2752
------------------------------------------------------------------------------------------------
# 81 2170 175200.000 24 
       X(m)              Y(m)            Z(m)              T(m)      
   -1132915.4083    6092530.1301    1504633.2710         22.7525
验后单位权中误差:            0.8802
验后估计方差:
    0.1637    -0.1352     0.0028    -0.1130
   -0.1352     0.5551    -0.0204     0.3576
    0.0028    -0.0204     0.1146    -0.0099
   -0.1130     0.3576    -0.0099     0.2678
------------------------------------------------------------------------------------------------
# 82 2170 175230.000 25 
       X(m)              Y(m)            Z(m)              T(m)      
   -1132915.4720    6092530.2501    1504633.4582         22.8861
验后单位权中误差:            0.9296
验后估计方差:
    0.1813    -0.1487     0.0073    -0.1231
   -0.1487     0.6147    -0.0299     0.3932
    0.0073    -0.0299     0.1155    -0.0204
   -0.1231     0.3932    -0.0204     0.2915
------------------------------------------------------------------------------------------------
# 83 2170 175260.000 25 
       X(m)              Y(m)            Z(m)              T(m)      
   -1132915.3985    6092530.1050    1504633.2556         22.6228
验后单位权中误差:            0.8483
验后估计方差:
    0.1512    -0.1242     0.0061    -0.1027
   -0.1242     0.5117    -0.0248     0.3274
    0.0061    -0.0248     0.0962    -0.0169
   -0.1027     0.3274    -0.0169     0.2428
------------------------------------------------------------------------------------------------
# 84 2170 175290.000 25 
       X(m)              Y(m)            Z(m)              T(m)      
   -1132915.4104    6092530.1556    1504633.3031         22.5944
验后单位权中误差:            0.8470
验后估计方差:
    0.1510    -0.1241     0.0060    -0.1027
   -0.1241     0.5098    -0.0247     0.3263
    0.0060    -0.0247     0.0959    -0.0168
   -0.1027     0.3263    -0.0168     0.2420
------------------------------------------------------------------------------------------------
# 85 2170 175320.000 25 
       X(m)              Y(m)            Z(m)              T(m)      
   -1132915.4403    6092530.1947    1504633.3950         22.7568
验后单位权中误差:            0.8633
验后估计方差:
    0.1571    -0.1292     0.0062    -0.1069
   -0.1292     0.5294    -0.0256     0.3388
    0.0062    -0.0256     0.0996    -0.0174
   -0.1069     0.3388    -0.0174     0.2513
------------------------------------------------------------------------------------------------
# 86 2170 175350.000 25 
